,SNO,State,No. of Applications Received,No. of Applications Not Verified,No. of Applications Verified,No. of Applications Approved,No. of Applications Approved having Aadhar No.,No. of Applications Rejected,No. of Applications Pullback,No. of Applications Closed,No. of Constructed Toilet Photo Uploaded,No. of Constructed Toilet Photo Approved,No. of Commenced Toilet Photo ,No. of Constructed Toilet Photo through Swachhalaya
0,1,Andaman & Nicobar Islands,169,162,4,0,0,0,0,3,3,0,0,61
2,2,Andhra Pradesh,388791,16195,192514,192508,192334,0,48,180034,192955,0,91,105
4,3,Arunachal Pradesh,4320,1114,3145,2393,2266,56,3,2,3984,1164,42,1
6,4,Assam,322354,160198,55003,37946,1194,19121,159,87873,47390,1823,1896,144
8,5,Bihar,514454,101652,378807,316606,169428,25188,754,8053,153240,39677,122533,2867
10,6,Chandigarh,6121,4,6117,6117,0,0,0,0,6117,0,0,4
12,7,Chhattisgarh,403738,13600,329527,326890,318793,46536,343,13732,320233,38828,624,280
14,8,Dadra & Nagar Haveli,1668,0,1180,1179,1138,320,0,168,1181,977,0,1
16,9,Daman & Diu,1144,27,695,695,585,300,2,120,697,3,1,1
18,10,Delhi,14138,234,725,703,559,13065,42,72,724,149,46,65
20,11,Goa,2997,126,2827,2699,2683,23,1,20,1473,1353,942,2
22,12,Gujarat,684296,3314,517036,516951,39803,25216,66,138664,516787,32756,38,374
24,13,Haryana,122196,17578,66607,63744,62608,30311,186,7514,62755,2615,699,363
26,14,Himachal Pradesh,9395,1497,5720,5159,4882,1745,15,418,4482,2219,231,33
28,15,Jammu & Kashmir,108365,9073,51943,46465,15910,33910,46,13393,40810,1243,557,82
30,16,Jharkhand,268940,4049,215517,214391,207071,15484,89,33801,216243,128291,80,247
32,17,Karnataka,451835,19974,330843,315146,279364,45487,158,55373,272734,75992,9443,1
34,18,Kerala,47511,9395,30782,27394,23844,6523,34,777,23109,16130,983,356
36,19,Lakshadweep,0,0,0,0,0,0,0,0,0,0,0,0
38,20,Madhya Pradesh,894496,115903,595148,562782,351977,139635,260,43550,522319,48360,3514,396
40,21,Maharashtra,1017124,79777,798836,725504,597533,113522,550,24439,649924,102048,13200,682
42,22,Manipur,40938,10029,29458,24463,21301,961,26,464,19481,5638,1467,84
44,23,Meghalaya,2214,1991,167,97,0,55,1,0,3,0,40,6
46,24,Mizoram,2682,26,2505,2436,2161,29,1,121,2350,1903,72,1
48,25,Nagaland,27239,24560,2377,1701,990,269,16,17,1896,628,14,0
50,26,Odisha,310652,13871,207350,196146,125268,19318,120,69993,119712,58462,2886,166
52,27,Puducherry,10248,249,7947,7786,7636,1971,12,69,3104,340,71,2
54,28,Punjab,142709,28836,102810,98560,79804,9311,93,1659,100279,4490,1674,2571
56,29,Rajasthan,474465,15726,361728,354512,323804,72196,316,24499,339438,64562,2684,1810
58,30,Sikkim,1034,2,1019,1019,974,11,0,2,916,81,0,2
60,31,Tamil Nadu,633148,31873,525379,505244,491641,31398,172,44326,469404,77258,7525,424
62,32,Telangana,237779,101089,136104,136104,121612,0,31,555,136213,0,22,53
64,33,Tripura,26516,3427,21029,18913,18887,1797,15,248,17545,7002,2420,11
66,34,Uttar Pradesh,3122700,140083,953855,914094,756778,1766844,6295,255623,784822,423958,81775,13831
68,35,Uttarakhand,25397,3638,18099,15619,8692,3230,36,394,9511,2238,957,2110
70,36,West Bengal,281203,108851,125071,113371,86002,10379,316,36586,119903,44482,700,329
